// Game: Godot
// Format: Standard
// entity 0
{
"classname" "worldspawn"
"_tb_textures" "textures;textures/dev_textures;textures/dev_textures/dark;textures/dev_textures/green;textures/dev_textures/light;textures/dev_textures/orange;textures/dev_textures/purple"
// brush 0
{
( -128 -64 -16 ) ( -128 -63 -16 ) ( -128 -64 -15 ) dev_textures/green/texture_02 0 0 0 1 1
( -64 -128 -16 ) ( -64 -128 -15 ) ( -63 -128 -16 ) dev_textures/green/texture_02 0 0 0 1 1
( -64 -64 -16 ) ( -63 -64 -16 ) ( -64 -63 -16 ) dev_textures/green/texture_02 0 0 0 1 1
( 64 64 16 ) ( 64 65 16 ) ( 65 64 16 ) dev_textures/green/texture_02 0 0 0 1 1
( 64 128 16 ) ( 65 128 16 ) ( 64 128 17 ) dev_textures/green/texture_02 0 0 0 1 1
( 128 64 16 ) ( 128 64 17 ) ( 128 65 16 ) dev_textures/green/texture_02 0 0 0 1 1
}
}
// entity 1
{
"classname" "info_player_start"
"origin" "-8 8 24"
}
